function cmap=canlabCmap
%create colormap from yellow to dark blue/purple
cmap=[[0,0,1;0.0177624002099037,0,0.988235294818878;0.0355248004198074,0,0.976470589637756;0.0532872006297112,0,0.964705884456635;0.0710496008396149,0,0.952941179275513;0.0888120010495186,0,0.941176474094391;0.106574401259422,0,0.929411768913269;0.124336801469326,0,0.917647063732147;0.142099201679230,0,0.905882358551025;0.159861594438553,0,0.894117653369904;0.177624002099037,0,0.882352948188782;0.195386394858360,0,0.870588243007660;0.213148802518845,0,0.858823537826538;0.230911195278168,0,0.847058832645416;0.248673602938652,0,0.835294127464294;0.266436010599136,0,0.823529422283173;0.284198403358460,0,0.811764717102051;0.301960796117783,0,0.800000011920929;0.284546643495560,0,0.747206568717957;0.267132520675659,0,0.694413125514984;0.249718368053436,0,0.641619682312012;0.232304215431213,0,0.588826239109039;0.214890077710152,0,0.536032795906067;0.197475925087929,0,0.483239352703095;0.180061787366867,0,0.430445909500122;0.162647634744644,0,0.377652466297150;0.145233497023582,0,0.324859023094177;0.127819344401360,0,0.272065579891205;0.110405199229717,0,0.219272136688232;0.0929910540580750,0,0.166478693485260;0.0755769088864327,0,0.113685257732868;0.0581627674400806,0,0.0608918145298958;0.0795321613550186,0.0300194937735796,0;0.127563357353210,0.0481489151716232,0;0.175594538450241,0.0662783309817314,0;0.223625734448433,0.0844077542424202,0;0.271656930446625,0.102537177503109,0;0.319688111543655,0.120666593313217,0;0.367719292640686,0.138796016573906,0;0.415750503540039,0.156925439834595,0;0.463781684637070,0.175054848194122,0;0.511812865734100,0.193184271454811,0;0.559844076633453,0.211313694715500,0;0.607875227928162,0.229443117976189,0;0.655906438827515,0.247572541236877,0;0.703937649726868,0.265701949596405,0;0.751968801021576,0.283831387758255,0;0.800000011920929,0.301960796117783,0;0.812500000000000,0.345588237047195,0;0.824999988079071,0.389215707778931,0;0.837500035762787,0.432843148708344,0;0.850000023841858,0.476470589637756,0;0.862500011920929,0.520098030567169,0;0.875000000000000,0.563725471496582,0;0.887499988079071,0.607352972030640,0;0.899999976158142,0.650980412960053,0;0.912500023841858,0.694607853889465,0;0.925000011920929,0.738235294818878,0;0.937500000000000,0.781862735748291,0;0.949999988079071,0.825490176677704,0;0.962499976158142,0.869117677211762,0;0.975000023841858,0.912745118141174,0;0.987500011920929,0.956372559070587,0;1,1,0]];